spawn:
  world: world
  x: 0.5
  y: 0.0
  z: 0.5
  yaw: 0.0
  pitch: 0.0
  cs:
    world: world
    x: 0.5
    y: 0.0
    z: 0.5
    yaw: 5.1409006E-7
    pitch: 0.007125579
  lobby:
    world: world
    x: 0.5
    y: 0.0
    z: 0.5
    yaw: 5.1409006E-7
    pitch: 0.007125579
